0,524
0,523
0,522
0,521
0,520
0,519
0,518
0,517
0,516
0,515
0,514
0,513
0,512
0,511
51,2
0,510
0,509
0,508
0,507
0,506
0,505
0,504
0,503
63,4
63,3
63,2
0,502
63,1
63,0
62,3
62,2
0,501
62,1
62,0
0,500
0,499
0,498
0,497
0,496
0,495
0,494
0,493
0,492
0,491
0,490
61,52
61,51
61,50
61,49
61,48
61,47
61,46
61,45
61,44
61,43
61,42
61,41
61,40
61,39
61,38
61,37
61,36
61,35
10,286
10,195
10,173
10,33
10,219
10,205
10,166
10,314
11,25
11,29
11,21
11,19
9,5
8,18
8,5
8,14
59,3
59,2
59,1
59,0
56,3
56,2
56,1
56,0
51,3
51,1
20,3
20,2
20,1
19,3
19,2
19,1
12,3
12,2
12,1
11,30
11,27
11,24
11,23
11,18
11,17
11,10
11,8
11,5
11,3
11,2
11,1
10,262
10,261
18,1
